===============================
---[1, 1, 0]
===============================
===============================
---[1, 2, -1]
     R----[2, 1, 0]
===============================
===============================
---[2, 2, 0]
     R----[3, 1, 0]
     L----[1, 1, 0]
===============================
===============================
---[2, 3, -1]
     R----[3, 2, -1]
          R----[4, 1, 0]
     L----[1, 1, 0]
===============================
===============================
---[2, 3, -1]
     R----[4, 2, 0]
          R----[5, 1, 0]
          L----[3, 1, 0]
     L----[1, 1, 0]
===============================
===============================
---[4, 3, 0]
     R----[5, 2, -1]
          R----[6, 1, 0]
     L----[2, 2, 0]
          R----[3, 1, 0]
          L----[1, 1, 0]
===============================
===============================
---[4, 3, 0]
     R----[6, 2, 0]
          R----[7, 1, 0]
          L----[5, 1, 0]
     L----[2, 2, 0]
          R----[3, 1, 0]
          L----[1, 1, 0]
===============================
===============================
---[4, 4, -1]
     R----[6, 3, -1]
          R----[7, 2, -1]
               R----[8, 1, 0]
          L----[5, 1, 0]
     L----[2, 2, 0]
          R----[3, 1, 0]
          L----[1, 1, 0]
===============================
===============================
---[4, 4, -1]
     R----[6, 3, -1]
          R----[8, 2, 0]
               R----[9, 1, 0]
               L----[7, 1, 0]
          L----[5, 1, 0]
     L----[2, 2, 0]
          R----[3, 1, 0]
          L----[1, 1, 0]
===============================
===============================
---[4, 4, -1]
     R----[8, 3, 0]
          R----[9, 2, -1]
               R----[10, 1, 0]
          L----[6, 2, 0]
               R----[7, 1, 0]
               L----[5, 1, 0]
     L----[2, 2, 0]
          R----[3, 1, 0]
          L----[1, 1, 0]
===============================
===============================
---[4, 4, -1]
     R----[8, 3, 0]
          R----[10, 2, 0]
               R----[11, 1, 0]
               L----[9, 1, 0]
          L----[6, 2, 0]
               R----[7, 1, 0]
               L----[5, 1, 0]
     L----[2, 2, 0]
          R----[3, 1, 0]
          L----[1, 1, 0]
===============================
===============================
---[8, 4, 0]
     R----[10, 3, -1]
          R----[11, 2, -1]
               R----[12, 1, 0]
          L----[9, 1, 0]
     L----[4, 3, 0]
          R----[6, 2, 0]
               R----[7, 1, 0]
               L----[5, 1, 0]
          L----[2, 2, 0]
               R----[3, 1, 0]
               L----[1, 1, 0]
===============================
===============================
---[8, 4, 0]
     R----[10, 3, -1]
          R----[12, 2, 0]
               R----[13, 1, 0]
               L----[11, 1, 0]
          L----[9, 1, 0]
     L----[4, 3, 0]
          R----[6, 2, 0]
               R----[7, 1, 0]
               L----[5, 1, 0]
          L----[2, 2, 0]
               R----[3, 1, 0]
               L----[1, 1, 0]
===============================
===============================
---[8, 4, 0]
     R----[12, 3, 0]
          R----[13, 2, -1]
               R----[14, 1, 0]
          L----[10, 2, 0]
               R----[11, 1, 0]
               L----[9, 1, 0]
     L----[4, 3, 0]
          R----[6, 2, 0]
               R----[7, 1, 0]
               L----[5, 1, 0]
          L----[2, 2, 0]
               R----[3, 1, 0]
               L----[1, 1, 0]
===============================
===============================
---[8, 4, 0]
     R----[12, 3, 0]
          R----[14, 2, 0]
               R----[15, 1, 0]
               L----[13, 1, 0]
          L----[10, 2, 0]
               R----[11, 1, 0]
               L----[9, 1, 0]
     L----[4, 3, 0]
          R----[6, 2, 0]
               R----[7, 1, 0]
               L----[5, 1, 0]
          L----[2, 2, 0]
               R----[3, 1, 0]
               L----[1, 1, 0]
===============================
===============================
---[8, 5, -1]
     R----[12, 4, -1]
          R----[14, 3, -1]
               R----[15, 2, -1]
                    R----[16, 1, 0]
               L----[13, 1, 0]
          L----[10, 2, 0]
               R----[11, 1, 0]
               L----[9, 1, 0]
     L----[4, 3, 0]
          R----[6, 2, 0]
               R----[7, 1, 0]
               L----[5, 1, 0]
          L----[2, 2, 0]
               R----[3, 1, 0]
               L----[1, 1, 0]
===============================
===============================
---[8, 5, -1]
     R----[12, 4, -1]
          R----[14, 3, -1]
               R----[16, 2, 0]
                    R----[17, 1, 0]
                    L----[15, 1, 0]
               L----[13, 1, 0]
          L----[10, 2, 0]
               R----[11, 1, 0]
               L----[9, 1, 0]
     L----[4, 3, 0]
          R----[6, 2, 0]
               R----[7, 1, 0]
               L----[5, 1, 0]
          L----[2, 2, 0]
               R----[3, 1, 0]
               L----[1, 1, 0]
===============================
===============================
---[8, 5, -1]
     R----[12, 4, -1]
          R----[16, 3, 0]
               R----[17, 2, -1]
                    R----[18, 1, 0]
               L----[14, 2, 0]
                    R----[15, 1, 0]
                    L----[13, 1, 0]
          L----[10, 2, 0]
               R----[11, 1, 0]
               L----[9, 1, 0]
     L----[4, 3, 0]
          R----[6, 2, 0]
               R----[7, 1, 0]
               L----[5, 1, 0]
          L----[2, 2, 0]
               R----[3, 1, 0]
               L----[1, 1, 0]
===============================
===============================
---[8, 5, -1]
     R----[12, 4, -1]
          R----[16, 3, 0]
               R----[18, 2, 0]
                    R----[19, 1, 0]
                    L----[17, 1, 0]
               L----[14, 2, 0]
                    R----[15, 1, 0]
                    L----[13, 1, 0]
          L----[10, 2, 0]
               R----[11, 1, 0]
               L----[9, 1, 0]
     L----[4, 3, 0]
          R----[6, 2, 0]
               R----[7, 1, 0]
               L----[5, 1, 0]
          L----[2, 2, 0]
               R----[3, 1, 0]
               L----[1, 1, 0]
===============================
===============================
---[8, 5, -1]
     R----[16, 4, 0]
          R----[18, 3, -1]
               R----[19, 2, -1]
                    R----[20, 1, 0]
               L----[17, 1, 0]
          L----[12, 3, 0]
               R----[14, 2, 0]
                    R----[15, 1, 0]
                    L----[13, 1, 0]
               L----[10, 2, 0]
                    R----[11, 1, 0]
                    L----[9, 1, 0]
     L----[4, 3, 0]
          R----[6, 2, 0]
               R----[7, 1, 0]
               L----[5, 1, 0]
          L----[2, 2, 0]
               R----[3, 1, 0]
               L----[1, 1, 0]
===============================
===============================
---[8, 5, -1]
     R----[16, 4, 0]
          R----[18, 3, -1]
               R----[20, 2, 0]
                    R----[21, 1, 0]
                    L----[19, 1, 0]
               L----[17, 1, 0]
          L----[12, 3, 0]
               R----[14, 2, 0]
                    R----[15, 1, 0]
                    L----[13, 1, 0]
               L----[10, 2, 0]
                    R----[11, 1, 0]
                    L----[9, 1, 0]
     L----[4, 3, 0]
          R----[6, 2, 0]
               R----[7, 1, 0]
               L----[5, 1, 0]
          L----[2, 2, 0]
               R----[3, 1, 0]
               L----[1, 1, 0]
===============================
===============================
---[8, 5, -1]
     R----[16, 4, 0]
          R----[20, 3, 0]
               R----[21, 2, -1]
                    R----[22, 1, 0]
               L----[18, 2, 0]
                    R----[19, 1, 0]
                    L----[17, 1, 0]
          L----[12, 3, 0]
               R----[14, 2, 0]
                    R----[15, 1, 0]
                    L----[13, 1, 0]
               L----[10, 2, 0]
                    R----[11, 1, 0]
                    L----[9, 1, 0]
     L----[4, 3, 0]
          R----[6, 2, 0]
               R----[7, 1, 0]
               L----[5, 1, 0]
          L----[2, 2, 0]
               R----[3, 1, 0]
               L----[1, 1, 0]
===============================
===============================
---[8, 5, -1]
     R----[16, 4, 0]
          R----[20, 3, 0]
               R----[22, 2, 0]
                    R----[23, 1, 0]
                    L----[21, 1, 0]
               L----[18, 2, 0]
                    R----[19, 1, 0]
                    L----[17, 1, 0]
          L----[12, 3, 0]
               R----[14, 2, 0]
                    R----[15, 1, 0]
                    L----[13, 1, 0]
               L----[10, 2, 0]
                    R----[11, 1, 0]
                    L----[9, 1, 0]
     L----[4, 3, 0]
          R----[6, 2, 0]
               R----[7, 1, 0]
               L----[5, 1, 0]
          L----[2, 2, 0]
               R----[3, 1, 0]
               L----[1, 1, 0]
===============================
===============================
---[16, 5, 0]
     R----[20, 4, -1]
          R----[22, 3, -1]
               R----[23, 2, -1]
                    R----[24, 1, 0]
               L----[21, 1, 0]
          L----[18, 2, 0]
               R----[19, 1, 0]
               L----[17, 1, 0]
     L----[8, 4, 0]
          R----[12, 3, 0]
               R----[14, 2, 0]
                    R----[15, 1, 0]
                    L----[13, 1, 0]
               L----[10, 2, 0]
                    R----[11, 1, 0]
                    L----[9, 1, 0]
          L----[4, 3, 0]
               R----[6, 2, 0]
                    R----[7, 1, 0]
                    L----[5, 1, 0]
               L----[2, 2, 0]
                    R----[3, 1, 0]
                    L----[1, 1, 0]
===============================
===============================
---[16, 5, 0]
     R----[20, 4, -1]
          R----[22, 3, -1]
               R----[24, 2, 0]
                    R----[25, 1, 0]
                    L----[23, 1, 0]
               L----[21, 1, 0]
          L----[18, 2, 0]
               R----[19, 1, 0]
               L----[17, 1, 0]
     L----[8, 4, 0]
          R----[12, 3, 0]
               R----[14, 2, 0]
                    R----[15, 1, 0]
                    L----[13, 1, 0]
               L----[10, 2, 0]
                    R----[11, 1, 0]
                    L----[9, 1, 0]
          L----[4, 3, 0]
               R----[6, 2, 0]
                    R----[7, 1, 0]
                    L----[5, 1, 0]
               L----[2, 2, 0]
                    R----[3, 1, 0]
                    L----[1, 1, 0]
===============================
===============================
---[16, 5, 0]
     R----[20, 4, -1]
          R----[24, 3, 0]
               R----[25, 2, -1]
                    R----[26, 1, 0]
               L----[22, 2, 0]
                    R----[23, 1, 0]
                    L----[21, 1, 0]
          L----[18, 2, 0]
               R----[19, 1, 0]
               L----[17, 1, 0]
     L----[8, 4, 0]
          R----[12, 3, 0]
               R----[14, 2, 0]
                    R----[15, 1, 0]
                    L----[13, 1, 0]
               L----[10, 2, 0]
                    R----[11, 1, 0]
                    L----[9, 1, 0]
          L----[4, 3, 0]
               R----[6, 2, 0]
                    R----[7, 1, 0]
                    L----[5, 1, 0]
               L----[2, 2, 0]
                    R----[3, 1, 0]
                    L----[1, 1, 0]
===============================
===============================
---[16, 5, 0]
     R----[20, 4, -1]
          R----[24, 3, 0]
               R----[26, 2, 0]
                    R----[27, 1, 0]
                    L----[25, 1, 0]
               L----[22, 2, 0]
                    R----[23, 1, 0]
                    L----[21, 1, 0]
          L----[18, 2, 0]
               R----[19, 1, 0]
               L----[17, 1, 0]
     L----[8, 4, 0]
          R----[12, 3, 0]
               R----[14, 2, 0]
                    R----[15, 1, 0]
                    L----[13, 1, 0]
               L----[10, 2, 0]
                    R----[11, 1, 0]
                    L----[9, 1, 0]
          L----[4, 3, 0]
               R----[6, 2, 0]
                    R----[7, 1, 0]
                    L----[5, 1, 0]
               L----[2, 2, 0]
                    R----[3, 1, 0]
                    L----[1, 1, 0]
===============================
===============================
---[16, 5, 0]
     R----[24, 4, 0]
          R----[26, 3, -1]
               R----[27, 2, -1]
                    R----[28, 1, 0]
               L----[25, 1, 0]
          L----[20, 3, 0]
               R----[22, 2, 0]
                    R----[23, 1, 0]
                    L----[21, 1, 0]
               L----[18, 2, 0]
                    R----[19, 1, 0]
                    L----[17, 1, 0]
     L----[8, 4, 0]
          R----[12, 3, 0]
               R----[14, 2, 0]
                    R----[15, 1, 0]
                    L----[13, 1, 0]
               L----[10, 2, 0]
                    R----[11, 1, 0]
                    L----[9, 1, 0]
          L----[4, 3, 0]
               R----[6, 2, 0]
                    R----[7, 1, 0]
                    L----[5, 1, 0]
               L----[2, 2, 0]
                    R----[3, 1, 0]
                    L----[1, 1, 0]
===============================
===============================
---[16, 5, 0]
     R----[24, 4, 0]
          R----[26, 3, -1]
               R----[28, 2, 0]
                    R----[29, 1, 0]
                    L----[27, 1, 0]
               L----[25, 1, 0]
          L----[20, 3, 0]
               R----[22, 2, 0]
                    R----[23, 1, 0]
                    L----[21, 1, 0]
               L----[18, 2, 0]
                    R----[19, 1, 0]
                    L----[17, 1, 0]
     L----[8, 4, 0]
          R----[12, 3, 0]
               R----[14, 2, 0]
                    R----[15, 1, 0]
                    L----[13, 1, 0]
               L----[10, 2, 0]
                    R----[11, 1, 0]
                    L----[9, 1, 0]
          L----[4, 3, 0]
               R----[6, 2, 0]
                    R----[7, 1, 0]
                    L----[5, 1, 0]
               L----[2, 2, 0]
                    R----[3, 1, 0]
                    L----[1, 1, 0]
===============================
===============================
---[16, 5, 0]
     R----[24, 4, 0]
          R----[28, 3, 0]
               R----[29, 2, -1]
                    R----[30, 1, 0]
               L----[26, 2, 0]
                    R----[27, 1, 0]
                    L----[25, 1, 0]
          L----[20, 3, 0]
               R----[22, 2, 0]
                    R----[23, 1, 0]
                    L----[21, 1, 0]
               L----[18, 2, 0]
                    R----[19, 1, 0]
                    L----[17, 1, 0]
     L----[8, 4, 0]
          R----[12, 3, 0]
               R----[14, 2, 0]
                    R----[15, 1, 0]
                    L----[13, 1, 0]
               L----[10, 2, 0]
                    R----[11, 1, 0]
                    L----[9, 1, 0]
          L----[4, 3, 0]
               R----[6, 2, 0]
                    R----[7, 1, 0]
                    L----[5, 1, 0]
               L----[2, 2, 0]
                    R----[3, 1, 0]
                    L----[1, 1, 0]
===============================
===============================
---[16, 5, 0]
     R----[24, 4, 0]
          R----[28, 3, 0]
               R----[30, 2, 0]
                    R----[31, 1, 0]
                    L----[29, 1, 0]
               L----[26, 2, 0]
                    R----[27, 1, 0]
                    L----[25, 1, 0]
          L----[20, 3, 0]
               R----[22, 2, 0]
                    R----[23, 1, 0]
                    L----[21, 1, 0]
               L----[18, 2, 0]
                    R----[19, 1, 0]
                    L----[17, 1, 0]
     L----[8, 4, 0]
          R----[12, 3, 0]
               R----[14, 2, 0]
                    R----[15, 1, 0]
                    L----[13, 1, 0]
               L----[10, 2, 0]
                    R----[11, 1, 0]
                    L----[9, 1, 0]
          L----[4, 3, 0]
               R----[6, 2, 0]
                    R----[7, 1, 0]
                    L----[5, 1, 0]
               L----[2, 2, 0]
                    R----[3, 1, 0]
                    L----[1, 1, 0]
===============================
===============================
---[16, 6, -1]
     R----[24, 5, -1]
          R----[28, 4, -1]
               R----[30, 3, -1]
                    R----[31, 2, -1]
                         R----[32, 1, 0]
                    L----[29, 1, 0]
               L----[26, 2, 0]
                    R----[27, 1, 0]
                    L----[25, 1, 0]
          L----[20, 3, 0]
               R----[22, 2, 0]
                    R----[23, 1, 0]
                    L----[21, 1, 0]
               L----[18, 2, 0]
                    R----[19, 1, 0]
                    L----[17, 1, 0]
     L----[8, 4, 0]
          R----[12, 3, 0]
               R----[14, 2, 0]
                    R----[15, 1, 0]
                    L----[13, 1, 0]
               L----[10, 2, 0]
                    R----[11, 1, 0]
                    L----[9, 1, 0]
          L----[4, 3, 0]
               R----[6, 2, 0]
                    R----[7, 1, 0]
                    L----[5, 1, 0]
               L----[2, 2, 0]
                    R----[3, 1, 0]
                    L----[1, 1, 0]
===============================
===============================
---[16, 6, -1]
     R----[24, 5, -1]
          R----[28, 4, -1]
               R----[30, 3, -1]
                    R----[32, 2, 0]
                         R----[33, 1, 0]
                         L----[31, 1, 0]
                    L----[29, 1, 0]
               L----[26, 2, 0]
                    R----[27, 1, 0]
                    L----[25, 1, 0]
          L----[20, 3, 0]
               R----[22, 2, 0]
                    R----[23, 1, 0]
                    L----[21, 1, 0]
               L----[18, 2, 0]
                    R----[19, 1, 0]
                    L----[17, 1, 0]
     L----[8, 4, 0]
          R----[12, 3, 0]
               R----[14, 2, 0]
                    R----[15, 1, 0]
                    L----[13, 1, 0]
               L----[10, 2, 0]
                    R----[11, 1, 0]
                    L----[9, 1, 0]
          L----[4, 3, 0]
               R----[6, 2, 0]
                    R----[7, 1, 0]
                    L----[5, 1, 0]
               L----[2, 2, 0]
                    R----[3, 1, 0]
                    L----[1, 1, 0]
===============================
===============================
---[16, 6, -1]
     R----[24, 5, -1]
          R----[28, 4, -1]
               R----[32, 3, 0]
                    R----[33, 2, -1]
                         R----[34, 1, 0]
                    L----[30, 2, 0]
                         R----[31, 1, 0]
                         L----[29, 1, 0]
               L----[26, 2, 0]
                    R----[27, 1, 0]
                    L----[25, 1, 0]
          L----[20, 3, 0]
               R----[22, 2, 0]
                    R----[23, 1, 0]
                    L----[21, 1, 0]
               L----[18, 2, 0]
                    R----[19, 1, 0]
                    L----[17, 1, 0]
     L----[8, 4, 0]
          R----[12, 3, 0]
               R----[14, 2, 0]
                    R----[15, 1, 0]
                    L----[13, 1, 0]
               L----[10, 2, 0]
                    R----[11, 1, 0]
                    L----[9, 1, 0]
          L----[4, 3, 0]
               R----[6, 2, 0]
                    R----[7, 1, 0]
                    L----[5, 1, 0]
               L----[2, 2, 0]
                    R----[3, 1, 0]
                    L----[1, 1, 0]
===============================
===============================
---[16, 6, -1]
     R----[24, 5, -1]
          R----[28, 4, -1]
               R----[32, 3, 0]
                    R----[34, 2, 0]
                         R----[35, 1, 0]
                         L----[33, 1, 0]
                    L----[30, 2, 0]
                         R----[31, 1, 0]
                         L----[29, 1, 0]
               L----[26, 2, 0]
                    R----[27, 1, 0]
                    L----[25, 1, 0]
          L----[20, 3, 0]
               R----[22, 2, 0]
                    R----[23, 1, 0]
                    L----[21, 1, 0]
               L----[18, 2, 0]
                    R----[19, 1, 0]
                    L----[17, 1, 0]
     L----[8, 4, 0]
          R----[12, 3, 0]
               R----[14, 2, 0]
                    R----[15, 1, 0]
                    L----[13, 1, 0]
               L----[10, 2, 0]
                    R----[11, 1, 0]
                    L----[9, 1, 0]
          L----[4, 3, 0]
               R----[6, 2, 0]
                    R----[7, 1, 0]
                    L----[5, 1, 0]
               L----[2, 2, 0]
                    R----[3, 1, 0]
                    L----[1, 1, 0]
===============================
===============================
---[16, 6, -1]
     R----[24, 5, -1]
          R----[32, 4, 0]
               R----[34, 3, -1]
                    R----[35, 2, -1]
                         R----[36, 1, 0]
                    L----[33, 1, 0]
               L----[28, 3, 0]
                    R----[30, 2, 0]
                         R----[31, 1, 0]
                         L----[29, 1, 0]
                    L----[26, 2, 0]
                         R----[27, 1, 0]
                         L----[25, 1, 0]
          L----[20, 3, 0]
               R----[22, 2, 0]
                    R----[23, 1, 0]
                    L----[21, 1, 0]
               L----[18, 2, 0]
                    R----[19, 1, 0]
                    L----[17, 1, 0]
     L----[8, 4, 0]
          R----[12, 3, 0]
               R----[14, 2, 0]
                    R----[15, 1, 0]
                    L----[13, 1, 0]
               L----[10, 2, 0]
                    R----[11, 1, 0]
                    L----[9, 1, 0]
          L----[4, 3, 0]
               R----[6, 2, 0]
                    R----[7, 1, 0]
                    L----[5, 1, 0]
               L----[2, 2, 0]
                    R----[3, 1, 0]
                    L----[1, 1, 0]
===============================
===============================
---[16, 6, -1]
     R----[24, 5, -1]
          R----[32, 4, 0]
               R----[34, 3, -1]
                    R----[36, 2, 0]
                         R----[37, 1, 0]
                         L----[35, 1, 0]
                    L----[33, 1, 0]
               L----[28, 3, 0]
                    R----[30, 2, 0]
                         R----[31, 1, 0]
                         L----[29, 1, 0]
                    L----[26, 2, 0]
                         R----[27, 1, 0]
                         L----[25, 1, 0]
          L----[20, 3, 0]
               R----[22, 2, 0]
                    R----[23, 1, 0]
                    L----[21, 1, 0]
               L----[18, 2, 0]
                    R----[19, 1, 0]
                    L----[17, 1, 0]
     L----[8, 4, 0]
          R----[12, 3, 0]
               R----[14, 2, 0]
                    R----[15, 1, 0]
                    L----[13, 1, 0]
               L----[10, 2, 0]
                    R----[11, 1, 0]
                    L----[9, 1, 0]
          L----[4, 3, 0]
               R----[6, 2, 0]
                    R----[7, 1, 0]
                    L----[5, 1, 0]
               L----[2, 2, 0]
                    R----[3, 1, 0]
                    L----[1, 1, 0]
===============================
===============================
---[16, 6, -1]
     R----[24, 5, -1]
          R----[32, 4, 0]
               R----[36, 3, 0]
                    R----[37, 2, -1]
                         R----[38, 1, 0]
                    L----[34, 2, 0]
                         R----[35, 1, 0]
                         L----[33, 1, 0]
               L----[28, 3, 0]
                    R----[30, 2, 0]
                         R----[31, 1, 0]
                         L----[29, 1, 0]
                    L----[26, 2, 0]
                         R----[27, 1, 0]
                         L----[25, 1, 0]
          L----[20, 3, 0]
               R----[22, 2, 0]
                    R----[23, 1, 0]
                    L----[21, 1, 0]
               L----[18, 2, 0]
                    R----[19, 1, 0]
                    L----[17, 1, 0]
     L----[8, 4, 0]
          R----[12, 3, 0]
               R----[14, 2, 0]
                    R----[15, 1, 0]
                    L----[13, 1, 0]
               L----[10, 2, 0]
                    R----[11, 1, 0]
                    L----[9, 1, 0]
          L----[4, 3, 0]
               R----[6, 2, 0]
                    R----[7, 1, 0]
                    L----[5, 1, 0]
               L----[2, 2, 0]
                    R----[3, 1, 0]
                    L----[1, 1, 0]
===============================
===============================
---[16, 6, -1]
     R----[24, 5, -1]
          R----[32, 4, 0]
               R----[36, 3, 0]
                    R----[38, 2, 0]
                         R----[39, 1, 0]
                         L----[37, 1, 0]
                    L----[34, 2, 0]
                         R----[35, 1, 0]
                         L----[33, 1, 0]
               L----[28, 3, 0]
                    R----[30, 2, 0]
                         R----[31, 1, 0]
                         L----[29, 1, 0]
                    L----[26, 2, 0]
                         R----[27, 1, 0]
                         L----[25, 1, 0]
          L----[20, 3, 0]
               R----[22, 2, 0]
                    R----[23, 1, 0]
                    L----[21, 1, 0]
               L----[18, 2, 0]
                    R----[19, 1, 0]
                    L----[17, 1, 0]
     L----[8, 4, 0]
          R----[12, 3, 0]
               R----[14, 2, 0]
                    R----[15, 1, 0]
                    L----[13, 1, 0]
               L----[10, 2, 0]
                    R----[11, 1, 0]
                    L----[9, 1, 0]
          L----[4, 3, 0]
               R----[6, 2, 0]
                    R----[7, 1, 0]
                    L----[5, 1, 0]
               L----[2, 2, 0]
                    R----[3, 1, 0]
                    L----[1, 1, 0]
===============================
===============================
---[16, 6, -1]
     R----[32, 5, 0]
          R----[36, 4, -1]
               R----[38, 3, -1]
                    R----[39, 2, -1]
                         R----[40, 1, 0]
                    L----[37, 1, 0]
               L----[34, 2, 0]
                    R----[35, 1, 0]
                    L----[33, 1, 0]
          L----[24, 4, 0]
               R----[28, 3, 0]
                    R----[30, 2, 0]
                         R----[31, 1, 0]
                         L----[29, 1, 0]
                    L----[26, 2, 0]
                         R----[27, 1, 0]
                         L----[25, 1, 0]
               L----[20, 3, 0]
                    R----[22, 2, 0]
                         R----[23, 1, 0]
                         L----[21, 1, 0]
                    L----[18, 2, 0]
                         R----[19, 1, 0]
                         L----[17, 1, 0]
     L----[8, 4, 0]
          R----[12, 3, 0]
               R----[14, 2, 0]
                    R----[15, 1, 0]
                    L----[13, 1, 0]
               L----[10, 2, 0]
                    R----[11, 1, 0]
                    L----[9, 1, 0]
          L----[4, 3, 0]
               R----[6, 2, 0]
                    R----[7, 1, 0]
                    L----[5, 1, 0]
               L----[2, 2, 0]
                    R----[3, 1, 0]
                    L----[1, 1, 0]
===============================
===============================
---[16, 6, -1]
     R----[32, 5, 0]
          R----[36, 4, -1]
               R----[38, 3, -1]
                    R----[40, 2, 0]
                         R----[41, 1, 0]
                         L----[39, 1, 0]
                    L----[37, 1, 0]
               L----[34, 2, 0]
                    R----[35, 1, 0]
                    L----[33, 1, 0]
          L----[24, 4, 0]
               R----[28, 3, 0]
                    R----[30, 2, 0]
                         R----[31, 1, 0]
                         L----[29, 1, 0]
                    L----[26, 2, 0]
                         R----[27, 1, 0]
                         L----[25, 1, 0]
               L----[20, 3, 0]
                    R----[22, 2, 0]
                         R----[23, 1, 0]
                         L----[21, 1, 0]
                    L----[18, 2, 0]
                         R----[19, 1, 0]
                         L----[17, 1, 0]
     L----[8, 4, 0]
          R----[12, 3, 0]
               R----[14, 2, 0]
                    R----[15, 1, 0]
                    L----[13, 1, 0]
               L----[10, 2, 0]
                    R----[11, 1, 0]
                    L----[9, 1, 0]
          L----[4, 3, 0]
               R----[6, 2, 0]
                    R----[7, 1, 0]
                    L----[5, 1, 0]
               L----[2, 2, 0]
                    R----[3, 1, 0]
                    L----[1, 1, 0]
===============================
===============================
---[16, 6, -1]
     R----[32, 5, 0]
          R----[36, 4, -1]
               R----[40, 3, 0]
                    R----[41, 2, -1]
                         R----[42, 1, 0]
                    L----[38, 2, 0]
                         R----[39, 1, 0]
                         L----[37, 1, 0]
               L----[34, 2, 0]
                    R----[35, 1, 0]
                    L----[33, 1, 0]
          L----[24, 4, 0]
               R----[28, 3, 0]
                    R----[30, 2, 0]
                         R----[31, 1, 0]
                         L----[29, 1, 0]
                    L----[26, 2, 0]
                         R----[27, 1, 0]
                         L----[25, 1, 0]
               L----[20, 3, 0]
                    R----[22, 2, 0]
                         R----[23, 1, 0]
                         L----[21, 1, 0]
                    L----[18, 2, 0]
                         R----[19, 1, 0]
                         L----[17, 1, 0]
     L----[8, 4, 0]
          R----[12, 3, 0]
               R----[14, 2, 0]
                    R----[15, 1, 0]
                    L----[13, 1, 0]
               L----[10, 2, 0]
                    R----[11, 1, 0]
                    L----[9, 1, 0]
          L----[4, 3, 0]
               R----[6, 2, 0]
                    R----[7, 1, 0]
                    L----[5, 1, 0]
               L----[2, 2, 0]
                    R----[3, 1, 0]
                    L----[1, 1, 0]
===============================
===============================
---[16, 6, -1]
     R----[32, 5, 0]
          R----[36, 4, -1]
               R----[40, 3, 0]
                    R----[42, 2, 0]
                         R----[43, 1, 0]
                         L----[41, 1, 0]
                    L----[38, 2, 0]
                         R----[39, 1, 0]
                         L----[37, 1, 0]
               L----[34, 2, 0]
                    R----[35, 1, 0]
                    L----[33, 1, 0]
          L----[24, 4, 0]
               R----[28, 3, 0]
                    R----[30, 2, 0]
                         R----[31, 1, 0]
                         L----[29, 1, 0]
                    L----[26, 2, 0]
                         R----[27, 1, 0]
                         L----[25, 1, 0]
               L----[20, 3, 0]
                    R----[22, 2, 0]
                         R----[23, 1, 0]
                         L----[21, 1, 0]
                    L----[18, 2, 0]
                         R----[19, 1, 0]
                         L----[17, 1, 0]
     L----[8, 4, 0]
          R----[12, 3, 0]
               R----[14, 2, 0]
                    R----[15, 1, 0]
                    L----[13, 1, 0]
               L----[10, 2, 0]
                    R----[11, 1, 0]
                    L----[9, 1, 0]
          L----[4, 3, 0]
               R----[6, 2, 0]
                    R----[7, 1, 0]
                    L----[5, 1, 0]
               L----[2, 2, 0]
                    R----[3, 1, 0]
                    L----[1, 1, 0]
===============================
===============================
---[16, 6, -1]
     R----[32, 5, 0]
          R----[40, 4, 0]
               R----[42, 3, -1]
                    R----[43, 2, -1]
                         R----[44, 1, 0]
                    L----[41, 1, 0]
               L----[36, 3, 0]
                    R----[38, 2, 0]
                         R----[39, 1, 0]
                         L----[37, 1, 0]
                    L----[34, 2, 0]
                         R----[35, 1, 0]
                         L----[33, 1, 0]
          L----[24, 4, 0]
               R----[28, 3, 0]
                    R----[30, 2, 0]
                         R----[31, 1, 0]
                         L----[29, 1, 0]
                    L----[26, 2, 0]
                         R----[27, 1, 0]
                         L----[25, 1, 0]
               L----[20, 3, 0]
                    R----[22, 2, 0]
                         R----[23, 1, 0]
                         L----[21, 1, 0]
                    L----[18, 2, 0]
                         R----[19, 1, 0]
                         L----[17, 1, 0]
     L----[8, 4, 0]
          R----[12, 3, 0]
               R----[14, 2, 0]
                    R----[15, 1, 0]
                    L----[13, 1, 0]
               L----[10, 2, 0]
                    R----[11, 1, 0]
                    L----[9, 1, 0]
          L----[4, 3, 0]
               R----[6, 2, 0]
                    R----[7, 1, 0]
                    L----[5, 1, 0]
               L----[2, 2, 0]
                    R----[3, 1, 0]
                    L----[1, 1, 0]
===============================
===============================
---[16, 6, -1]
     R----[32, 5, 0]
          R----[40, 4, 0]
               R----[42, 3, -1]
                    R----[44, 2, 0]
                         R----[45, 1, 0]
                         L----[43, 1, 0]
                    L----[41, 1, 0]
               L----[36, 3, 0]
                    R----[38, 2, 0]
                         R----[39, 1, 0]
                         L----[37, 1, 0]
                    L----[34, 2, 0]
                         R----[35, 1, 0]
                         L----[33, 1, 0]
          L----[24, 4, 0]
               R----[28, 3, 0]
                    R----[30, 2, 0]
                         R----[31, 1, 0]
                         L----[29, 1, 0]
                    L----[26, 2, 0]
                         R----[27, 1, 0]
                         L----[25, 1, 0]
               L----[20, 3, 0]
                    R----[22, 2, 0]
                         R----[23, 1, 0]
                         L----[21, 1, 0]
                    L----[18, 2, 0]
                         R----[19, 1, 0]
                         L----[17, 1, 0]
     L----[8, 4, 0]
          R----[12, 3, 0]
               R----[14, 2, 0]
                    R----[15, 1, 0]
                    L----[13, 1, 0]
               L----[10, 2, 0]
                    R----[11, 1, 0]
                    L----[9, 1, 0]
          L----[4, 3, 0]
               R----[6, 2, 0]
                    R----[7, 1, 0]
                    L----[5, 1, 0]
               L----[2, 2, 0]
                    R----[3, 1, 0]
                    L----[1, 1, 0]
===============================
===============================
---[16, 6, -1]
     R----[32, 5, 0]
          R----[40, 4, 0]
               R----[44, 3, 0]
                    R----[45, 2, -1]
                         R----[46, 1, 0]
                    L----[42, 2, 0]
                         R----[43, 1, 0]
                         L----[41, 1, 0]
               L----[36, 3, 0]
                    R----[38, 2, 0]
                         R----[39, 1, 0]
                         L----[37, 1, 0]
                    L----[34, 2, 0]
                         R----[35, 1, 0]
                         L----[33, 1, 0]
          L----[24, 4, 0]
               R----[28, 3, 0]
                    R----[30, 2, 0]
                         R----[31, 1, 0]
                         L----[29, 1, 0]
                    L----[26, 2, 0]
                         R----[27, 1, 0]
                         L----[25, 1, 0]
               L----[20, 3, 0]
                    R----[22, 2, 0]
                         R----[23, 1, 0]
                         L----[21, 1, 0]
                    L----[18, 2, 0]
                         R----[19, 1, 0]
                         L----[17, 1, 0]
     L----[8, 4, 0]
          R----[12, 3, 0]
               R----[14, 2, 0]
                    R----[15, 1, 0]
                    L----[13, 1, 0]
               L----[10, 2, 0]
                    R----[11, 1, 0]
                    L----[9, 1, 0]
          L----[4, 3, 0]
               R----[6, 2, 0]
                    R----[7, 1, 0]
                    L----[5, 1, 0]
               L----[2, 2, 0]
                    R----[3, 1, 0]
                    L----[1, 1, 0]
===============================
===============================
---[16, 6, -1]
     R----[32, 5, 0]
          R----[40, 4, 0]
               R----[44, 3, 0]
                    R----[46, 2, 0]
                         R----[47, 1, 0]
                         L----[45, 1, 0]
                    L----[42, 2, 0]
                         R----[43, 1, 0]
                         L----[41, 1, 0]
               L----[36, 3, 0]
                    R----[38, 2, 0]
                         R----[39, 1, 0]
                         L----[37, 1, 0]
                    L----[34, 2, 0]
                         R----[35, 1, 0]
                         L----[33, 1, 0]
          L----[24, 4, 0]
               R----[28, 3, 0]
                    R----[30, 2, 0]
                         R----[31, 1, 0]
                         L----[29, 1, 0]
                    L----[26, 2, 0]
                         R----[27, 1, 0]
                         L----[25, 1, 0]
               L----[20, 3, 0]
                    R----[22, 2, 0]
                         R----[23, 1, 0]
                         L----[21, 1, 0]
                    L----[18, 2, 0]
                         R----[19, 1, 0]
                         L----[17, 1, 0]
     L----[8, 4, 0]
          R----[12, 3, 0]
               R----[14, 2, 0]
                    R----[15, 1, 0]
                    L----[13, 1, 0]
               L----[10, 2, 0]
                    R----[11, 1, 0]
                    L----[9, 1, 0]
          L----[4, 3, 0]
               R----[6, 2, 0]
                    R----[7, 1, 0]
                    L----[5, 1, 0]
               L----[2, 2, 0]
                    R----[3, 1, 0]
                    L----[1, 1, 0]
===============================
===============================
---[32, 6, 0]
     R----[40, 5, -1]
          R----[44, 4, -1]
               R----[46, 3, -1]
                    R----[47, 2, -1]
                         R----[48, 1, 0]
                    L----[45, 1, 0]
               L----[42, 2, 0]
                    R----[43, 1, 0]
                    L----[41, 1, 0]
          L----[36, 3, 0]
               R----[38, 2, 0]
                    R----[39, 1, 0]
                    L----[37, 1, 0]
               L----[34, 2, 0]
                    R----[35, 1, 0]
                    L----[33, 1, 0]
     L----[16, 5, 0]
          R----[24, 4, 0]
               R----[28, 3, 0]
                    R----[30, 2, 0]
                         R----[31, 1, 0]
                         L----[29, 1, 0]
                    L----[26, 2, 0]
                         R----[27, 1, 0]
                         L----[25, 1, 0]
               L----[20, 3, 0]
                    R----[22, 2, 0]
                         R----[23, 1, 0]
                         L----[21, 1, 0]
                    L----[18, 2, 0]
                         R----[19, 1, 0]
                         L----[17, 1, 0]
          L----[8, 4, 0]
               R----[12, 3, 0]
                    R----[14, 2, 0]
                         R----[15, 1, 0]
                         L----[13, 1, 0]
                    L----[10, 2, 0]
                         R----[11, 1, 0]
                         L----[9, 1, 0]
               L----[4, 3, 0]
                    R----[6, 2, 0]
                         R----[7, 1, 0]
                         L----[5, 1, 0]
                    L----[2, 2, 0]
                         R----[3, 1, 0]
                         L----[1, 1, 0]
===============================
===============================
---[32, 6, 0]
     R----[40, 5, -1]
          R----[44, 4, -1]
               R----[46, 3, -1]
                    R----[48, 2, 0]
                         R----[49, 1, 0]
                         L----[47, 1, 0]
                    L----[45, 1, 0]
               L----[42, 2, 0]
                    R----[43, 1, 0]
                    L----[41, 1, 0]
          L----[36, 3, 0]
               R----[38, 2, 0]
                    R----[39, 1, 0]
                    L----[37, 1, 0]
               L----[34, 2, 0]
                    R----[35, 1, 0]
                    L----[33, 1, 0]
     L----[16, 5, 0]
          R----[24, 4, 0]
               R----[28, 3, 0]
                    R----[30, 2, 0]
                         R----[31, 1, 0]
                         L----[29, 1, 0]
                    L----[26, 2, 0]
                         R----[27, 1, 0]
                         L----[25, 1, 0]
               L----[20, 3, 0]
                    R----[22, 2, 0]
                         R----[23, 1, 0]
                         L----[21, 1, 0]
                    L----[18, 2, 0]
                         R----[19, 1, 0]
                         L----[17, 1, 0]
          L----[8, 4, 0]
               R----[12, 3, 0]
                    R----[14, 2, 0]
                         R----[15, 1, 0]
                         L----[13, 1, 0]
                    L----[10, 2, 0]
                         R----[11, 1, 0]
                         L----[9, 1, 0]
               L----[4, 3, 0]
                    R----[6, 2, 0]
                         R----[7, 1, 0]
                         L----[5, 1, 0]
                    L----[2, 2, 0]
                         R----[3, 1, 0]
                         L----[1, 1, 0]
===============================
